3.500000000000000000e+01 2.400000000000000000e+01 5.820815000000000146e+04
3.500000000000000000e+01 2.100000000000000000e+01 3.735907000000000000e+06
3.500000000000000000e+01 4.000000000000000000e+00 2.663248000000000000e+08
3.500000000000000000e+01 1.600000000000000000e+01 4.590366000000000000e+06
3.500000000000000000e+01 8.000000000000000000e+00 6.322673999999999796e+04
3.500000000000000000e+01 3.000000000000000000e+00 1.276903000000000029e+05
3.600000000000000000e+01 3.000000000000000000e+01 7.746892000000000280e+02
3.600000000000000000e+01 2.800000000000000000e+01 1.855959999999999965e+01
3.600000000000000000e+01 2.900000000000000000e+01 1.978951999999999884e+02
3.700000000000000000e+01 2.900000000000000000e+01 1.542896999999999875e-05
3.700000000000000000e+01 3.000000000000000000e+01 1.839667000000000017e-04
3.800000000000000000e+01 3.000000000000000000e+01 6.577048999999999978e+03
3.900000000000000000e+01 3.000000000000000000e+01 5.425327999999999941e-08
4.000000000000000000e+01 2.900000000000000000e+01 1.752010999999999933e-03
4.000000000000000000e+01 2.800000000000000000e+01 3.560321999999999879e-03
4.000000000000000000e+01 3.000000000000000000e+01 5.549013999999999683e-03
4.100000000000000000e+01 3.000000000000000000e+01 1.697567999999999984e+03
4.300000000000000000e+01 3.000000000000000000e+01 3.201181999999999793e-08
4.400000000000000000e+01 3.000000000000000000e+01 3.178478999999999896e-04
4.500000000000000000e+01 3.000000000000000000e+01 9.873192999999999302e+03
4.500000000000000000e+01 2.900000000000000000e+01 1.906079999999999927e+03
4.600000000000000000e+01 3.000000000000000000e+01 2.396624999999999797e-07
4.800000000000000000e+01 2.900000000000000000e+01 1.592209999999999936e-03
4.800000000000000000e+01 3.000000000000000000e+01 6.744013000000000091e-03
5.000000000000000000e+01 3.000000000000000000e+01 2.087934999999999854e+04
5.100000000000000000e+01 2.900000000000000000e+01 9.744707000000000022e-03
5.100000000000000000e+01 2.800000000000000000e+01 2.397032000000000126e-05
5.100000000000000000e+01 3.000000000000000000e+01 1.888979999999999956e-03
5.200000000000000000e+01 3.000000000000000000e+01 9.738392000000000134e-09
5.400000000000000000e+01 3.000000000000000000e+01 2.798407000000000153e+03
5.400000000000000000e+01 2.900000000000000000e+01 3.692798000000000320e+04
5.500000000000000000e+01 2.900000000000000000e+01 3.446479000000000233e+05
5.500000000000000000e+01 3.000000000000000000e+01 5.636155999999999767e+04
5.700000000000000000e+01 3.000000000000000000e+01 5.018429000000000087e+04
5.700000000000000000e+01 2.800000000000000000e+01 1.160561000000000058e+05
5.700000000000000000e+01 2.900000000000000000e+01 2.380441000000000058e+05
5.800000000000000000e+01 3.000000000000000000e+01 4.208854000000000233e+05
5.900000000000000000e+01 3.000000000000000000e+01 1.469026000000000121e-04
5.900000000000000000e+01 2.900000000000000000e+01 3.957545999999999937e-04
6.000000000000000000e+01 2.900000000000000000e+01 2.075750000000000000e+05
6.100000000000000000e+01 2.900000000000000000e+01 2.311172000000000116e+04
6.100000000000000000e+01 3.000000000000000000e+01 2.323932999999999884e+05
6.200000000000000000e+01 3.000000000000000000e+01 5.710287999999999738e+04
6.200000000000000000e+01 2.900000000000000000e+01 7.557490000000000236e+02
6.200000000000000000e+01 2.800000000000000000e+01 2.041937999999999884e+05
6.300000000000000000e+01 2.800000000000000000e+01 1.359660000000000057e-04
6.300000000000000000e+01 3.000000000000000000e+01 3.630850000000000245e-04
6.300000000000000000e+01 2.900000000000000000e+01 1.359565000000000079e-03
6.400000000000000000e+01 3.000000000000000000e+01 9.432925999999999681e-04
6.400000000000000000e+01 2.900000000000000000e+01 1.037778000000000051e-03
6.400000000000000000e+01 2.800000000000000000e+01 7.623430999999999957e-04
6.500000000000000000e+01 2.900000000000000000e+01 5.223747999999999614e+00
6.500000000000000000e+01 3.000000000000000000e+01 1.579952000000000023e+00
6.600000000000000000e+01 3.000000000000000000e+01 2.296217000000000098e+03
6.600000000000000000e+01 2.900000000000000000e+01 8.024062000000000126e+02
6.600000000000000000e+01 2.800000000000000000e+01 8.240936999999999898e+03
6.700000000000000000e+01 3.000000000000000000e+01 6.981836000000000240e+03
6.800000000000000000e+01 7.000000000000000000e+00 1.199564000000000000e+08
6.800000000000000000e+01 1.500000000000000000e+01 9.907546000000000000e+06
6.800000000000000000e+01 8.000000000000000000e+00 1.472531000000000000e+07
6.800000000000000000e+01 1.300000000000000000e+01 4.512056000000000000e+06
6.800000000000000000e+01 5.000000000000000000e+00 3.112899000000000000e+06
6.800000000000000000e+01 2.400000000000000000e+01 1.742453000000000000e+06
6.800000000000000000e+01 2.100000000000000000e+01 6.098025000000000000e+05
6.900000000000000000e+01 2.300000000000000000e+01 2.515256000000000000e+06
6.900000000000000000e+01 2.200000000000000000e+01 4.613640999999999767e+05
6.900000000000000000e+01 8.000000000000000000e+00 2.743989000000000233e+05
6.900000000000000000e+01 1.400000000000000000e+01 1.023172000000000000e+07
6.900000000000000000e+01 1.300000000000000000e+01 1.006256000000000000e+06
6.900000000000000000e+01 2.100000000000000000e+01 1.637809000000000015e+04
6.900000000000000000e+01 2.700000000000000000e+01 1.212556000000000058e+05
6.900000000000000000e+01 5.000000000000000000e+00 1.781176000000000000e+07
6.900000000000000000e+01 6.000000000000000000e+00 1.238678000000000000e+08
7.000000000000000000e+01 8.000000000000000000e+00 1.375245000000000000e+08
7.000000000000000000e+01 2.400000000000000000e+01 2.035112999999999884e+05
7.000000000000000000e+01 1.500000000000000000e+01 2.471219000000000000e+06
7.000000000000000000e+01 2.100000000000000000e+01 2.630488000000000000e+06
7.000000000000000000e+01 5.000000000000000000e+00 4.412371000000000000e+06
7.000000000000000000e+01 7.000000000000000000e+00 1.127864000000000000e+07
7.000000000000000000e+01 1.300000000000000000e+01 7.300220000000000000e+05
7.100000000000000000e+01 2.200000000000000000e+01 4.843937000000000116e+05
7.100000000000000000e+01 2.500000000000000000e+01 1.992705000000000000e+06
7.100000000000000000e+01 1.400000000000000000e+01 3.706435000000000000e+05
7.100000000000000000e+01 3.200000000000000000e+01 4.044419999999999709e+04
7.100000000000000000e+01 5.000000000000000000e+00 1.493772000000000000e+06
7.100000000000000000e+01 7.000000000000000000e+00 5.201645000000000000e+06
7.100000000000000000e+01 3.000000000000000000e+00 7.089425000000000000e+05
7.100000000000000000e+01 8.000000000000000000e+00 1.220893000000000000e+08
7.100000000000000000e+01 1.500000000000000000e+01 1.186142000000000000e+06
7.100000000000000000e+01 2.100000000000000000e+01 9.321789000000000233e+05
7.100000000000000000e+01 1.300000000000000000e+01 2.886718000000000029e+04
7.100000000000000000e+01 2.400000000000000000e+01 3.199452999999999884e+05
7.100000000000000000e+01 1.600000000000000000e+01 6.967579000000000000e+07
7.200000000000000000e+01 4.000000000000000000e+00 3.747627000000000000e+08
7.200000000000000000e+01 2.000000000000000000e+00 8.996519999999999709e+04
7.300000000000000000e+01 2.400000000000000000e+01 7.322760000000000582e+04
7.300000000000000000e+01 1.600000000000000000e+01 3.317217000000000000e+07
7.300000000000000000e+01 2.300000000000000000e+01 1.381370000000000000e+06
7.300000000000000000e+01 2.500000000000000000e+01 1.767487000000000000e+06
7.300000000000000000e+01 1.400000000000000000e+01 1.381925000000000000e+05
7.300000000000000000e+01 2.700000000000000000e+01 5.135279000000000000e+06
7.300000000000000000e+01 2.200000000000000000e+01 3.550545000000000000e+05
7.300000000000000000e+01 2.000000000000000000e+00 1.186859000000000000e+06
7.300000000000000000e+01 3.100000000000000000e+01 9.985800999999999476e+04
7.300000000000000000e+01 2.100000000000000000e+01 1.331180000000000000e+06
7.300000000000000000e+01 8.000000000000000000e+00 6.381286000000000000e+07
7.300000000000000000e+01 1.300000000000000000e+01 2.956196000000000000e+06
7.300000000000000000e+01 3.000000000000000000e+00 3.354130000000000000e+05
7.300000000000000000e+01 4.000000000000000000e+00 6.460745000000000000e+06
7.300000000000000000e+01 5.000000000000000000e+00 1.157134000000000000e+07
7.300000000000000000e+01 6.000000000000000000e+00 1.778713000000000000e+06
7.400000000000000000e+01 3.200000000000000000e+01 3.720519000000000233e+05
7.400000000000000000e+01 3.000000000000000000e+00 6.527559000000000000e+06
7.400000000000000000e+01 1.400000000000000000e+01 1.023466000000000000e+06
7.400000000000000000e+01 1.600000000000000000e+01 6.075941000000000000e+06
7.400000000000000000e+01 5.000000000000000000e+00 5.917018000000000000e+06
7.400000000000000000e+01 1.300000000000000000e+01 4.885630000000000000e+05
7.400000000000000000e+01 8.000000000000000000e+00 1.143721000000000000e+07
7.400000000000000000e+01 2.200000000000000000e+01 8.836753000000000000e+06
7.400000000000000000e+01 2.400000000000000000e+01 4.233513000000000000e+06
7.400000000000000000e+01 2.500000000000000000e+01 2.619129000000000000e+07
7.400000000000000000e+01 1.500000000000000000e+01 1.149536000000000000e+07
7.400000000000000000e+01 7.000000000000000000e+00 6.331118000000000000e+07
7.400000000000000000e+01 6.000000000000000000e+00 1.825085000000000000e+06
7.500000000000000000e+01 1.400000000000000000e+01 1.221499000000000000e+07
7.500000000000000000e+01 2.500000000000000000e+01 1.301163000000000000e+06
7.500000000000000000e+01 6.000000000000000000e+00 7.869297000000000000e+07
7.500000000000000000e+01 3.000000000000000000e+00 1.964412999999999884e+05
7.500000000000000000e+01 2.700000000000000000e+01 1.255212000000000000e+07
7.500000000000000000e+01 2.200000000000000000e+01 1.692748000000000000e+06
7.500000000000000000e+01 2.000000000000000000e+00 3.005633000000000000e+06
7.500000000000000000e+01 1.000000000000000000e+00 4.100400000000000000e+06
7.500000000000000000e+01 2.600000000000000000e+01 1.926890000000000000e+07
7.500000000000000000e+01 2.300000000000000000e+01 7.856232000000000000e+06
7.600000000000000000e+01 1.400000000000000000e+01 1.337855000000000000e+06
7.600000000000000000e+01 1.300000000000000000e+01 9.021806000000000000e+06
7.600000000000000000e+01 2.200000000000000000e+01 3.476231000000000000e+06
7.600000000000000000e+01 2.700000000000000000e+01 2.118185000000000000e+07
7.600000000000000000e+01 2.300000000000000000e+01 8.430347999999999593e+04
7.600000000000000000e+01 1.600000000000000000e+01 8.281384000000000000e+06
7.600000000000000000e+01 6.000000000000000000e+00 8.593686000000000000e+06
7.600000000000000000e+01 5.000000000000000000e+00 5.614727000000000000e+07
7.600000000000000000e+01 2.100000000000000000e+01 1.047306999999999971e+05
7.600000000000000000e+01 2.400000000000000000e+01 1.191879000000000000e+06
7.600000000000000000e+01 4.000000000000000000e+00 1.574542000000000000e+06
7.600000000000000000e+01 3.000000000000000000e+00 1.495693000000000000e+06
7.600000000000000000e+01 3.100000000000000000e+01 2.669020000000000000e+05
7.600000000000000000e+01 2.000000000000000000e+00 4.503791000000000000e+06
7.600000000000000000e+01 2.500000000000000000e+01 8.392670000000000000e+06
7.600000000000000000e+01 8.000000000000000000e+00 1.271619000000000000e+07
7.700000000000000000e+01 5.000000000000000000e+00 7.409489000000000000e+07
7.700000000000000000e+01 3.100000000000000000e+01 1.590680000000000000e+05
7.700000000000000000e+01 7.000000000000000000e+00 9.906827000000000000e+06
7.700000000000000000e+01 2.100000000000000000e+01 5.146995999999999767e+05
7.700000000000000000e+01 8.000000000000000000e+00 1.556297000000000000e+06
7.700000000000000000e+01 1.500000000000000000e+01 2.908465000000000000e+07
7.700000000000000000e+01 1.300000000000000000e+01 1.453607000000000000e+08
7.700000000000000000e+01 2.400000000000000000e+01 7.325650000000000000e+06
7.800000000000000000e+01 2.200000000000000000e+01 1.984847000000000000e+07
7.800000000000000000e+01 1.600000000000000000e+01 2.685267999999999884e+05
7.800000000000000000e+01 3.000000000000000000e+00 2.341633999999999942e+05
7.800000000000000000e+01 3.100000000000000000e+01 5.182088999999999942e+04
7.800000000000000000e+01 1.500000000000000000e+01 5.627451999999999534e+05
7.800000000000000000e+01 2.500000000000000000e+01 2.864055000000000000e+06
7.800000000000000000e+01 1.400000000000000000e+01 8.199523000000000000e+07
7.800000000000000000e+01 5.000000000000000000e+00 2.524830000000000000e+07
7.800000000000000000e+01 3.300000000000000000e+01 1.375321000000000058e+05
7.800000000000000000e+01 2.400000000000000000e+01 4.545532000000000000e+06
7.800000000000000000e+01 6.000000000000000000e+00 4.235283000000000000e+07
7.800000000000000000e+01 7.000000000000000000e+00 2.459447999999999884e+05
7.800000000000000000e+01 2.100000000000000000e+01 2.705333000000000175e+04
7.800000000000000000e+01 1.300000000000000000e+01 4.144373000000000000e+07
7.800000000000000000e+01 8.000000000000000000e+00 1.595842000000000116e+05
7.900000000000000000e+01 3.000000000000000000e+01 7.362646000000000468e-01
7.900000000000000000e+01 2.900000000000000000e+01 3.906427000000000094e-01
8.000000000000000000e+01 3.000000000000000000e+01 1.210380999999999929e+00
8.100000000000000000e+01 2.800000000000000000e+01 3.756562999999999986e-01
8.100000000000000000e+01 2.900000000000000000e+01 4.163510000000000266e-01
8.100000000000000000e+01 3.000000000000000000e+01 1.016415999999999986e-01
8.200000000000000000e+01 3.200000000000000000e+01 2.991344000000000233e+05
8.200000000000000000e+01 1.500000000000000000e+01 1.799421000000000000e+08
8.200000000000000000e+01 7.000000000000000000e+00 1.022650000000000000e+08
8.300000000000000000e+01 3.000000000000000000e+01 6.899301000000000045e-03
8.400000000000000000e+01 2.800000000000000000e+01 1.239943999999999942e-02
8.400000000000000000e+01 3.000000000000000000e+01 8.077522000000000174e-03
8.800000000000000000e+01 3.000000000000000000e+01 1.419789999999999984e-03
9.300000000000000000e+01 1.000000000000000000e+01 8.425999000000000524e+04
9.300000000000000000e+01 9.000000000000000000e+00 1.522775000000000000e+08
9.300000000000000000e+01 1.100000000000000000e+01 1.527970000000000000e+06
9.300000000000000000e+01 1.200000000000000000e+01 3.812292000000000116e+05
9.400000000000000000e+01 3.000000000000000000e+01 1.784250000000000003e-01
9.500000000000000000e+01 3.000000000000000000e+01 4.451721999999999971e-03
9.500000000000000000e+01 2.900000000000000000e+01 3.099903000000000033e-02
9.700000000000000000e+01 2.900000000000000000e+01 1.601387999999999978e-01
9.800000000000000000e+01 2.900000000000000000e+01 1.659487000000000045e-01
9.800000000000000000e+01 3.000000000000000000e+01 4.887631000000000059e-01
9.800000000000000000e+01 2.800000000000000000e+01 6.078952999999999787e-03
9.900000000000000000e+01 3.000000000000000000e+01 4.180095999999999812e-01
9.900000000000000000e+01 2.900000000000000000e+01 1.689321999999999990e+00
1.000000000000000000e+02 3.000000000000000000e+01 5.610079999999999928e-02
1.000000000000000000e+02 2.800000000000000000e+01 9.400323000000000428e-01
1.000000000000000000e+02 2.900000000000000000e+01 1.162633999999999945e+00
1.010000000000000000e+02 3.000000000000000000e+01 1.767319000000000084e+00
1.020000000000000000e+02 3.000000000000000000e+01 2.767805999999999877e-01
1.020000000000000000e+02 2.900000000000000000e+01 9.241926000000000307e-02
1.020000000000000000e+02 2.800000000000000000e+01 3.437605000000000244e-01
1.030000000000000000e+02 3.000000000000000000e+01 7.813253999999999477e-01
1.030000000000000000e+02 2.900000000000000000e+01 1.970264999999999864e-02
1.040000000000000000e+02 3.000000000000000000e+01 9.511162000000000089e-03
1.050000000000000000e+02 9.000000000000000000e+00 2.158943000000000000e+06
1.050000000000000000e+02 1.200000000000000000e+01 2.656371000000000000e+07
1.050000000000000000e+02 1.800000000000000000e+01 5.034520999999999913e+04
1.050000000000000000e+02 1.100000000000000000e+01 1.042614000000000000e+08
1.050000000000000000e+02 1.000000000000000000e+01 1.591214000000000000e+07
1.060000000000000000e+02 1.800000000000000000e+01 4.227616999999999825e+04
1.060000000000000000e+02 1.200000000000000000e+01 1.525460000000000000e+08
1.060000000000000000e+02 1.100000000000000000e+01 7.675285999999999767e+05
1.060000000000000000e+02 1.700000000000000000e+01 7.996040999999999767e+05
1.060000000000000000e+02 9.000000000000000000e+00 3.509315000000000000e+05
1.060000000000000000e+02 1.900000000000000000e+01 8.761972000000000116e+04
1.070000000000000000e+02 1.100000000000000000e+01 3.725882000000000000e+07
1.070000000000000000e+02 1.000000000000000000e+01 1.130994000000000000e+08
1.080000000000000000e+02 2.900000000000000000e+01 7.129832999999999865e-01
1.080000000000000000e+02 3.000000000000000000e+01 9.837557999999999581e-01
1.090000000000000000e+02 3.000000000000000000e+01 6.717562999999999729e-01
1.090000000000000000e+02 2.800000000000000000e+01 4.619218999999999964e-01
1.100000000000000000e+02 3.000000000000000000e+01 2.752512999999999765e-01
1.100000000000000000e+02 2.900000000000000000e+01 8.588339000000000389e-01
1.110000000000000000e+02 1.200000000000000000e+01 2.503923000000000000e+06
1.110000000000000000e+02 1.800000000000000000e+01 5.615380000000000000e+05
1.110000000000000000e+02 1.700000000000000000e+01 9.549848000000000000e+06
1.110000000000000000e+02 1.900000000000000000e+01 3.771413000000000000e+06
1.110000000000000000e+02 1.100000000000000000e+01 1.855754000000000000e+08
1.120000000000000000e+02 1.100000000000000000e+01 2.303300000000000000e+07
1.120000000000000000e+02 9.000000000000000000e+00 8.634552999999999884e+04
1.120000000000000000e+02 1.200000000000000000e+01 6.117189000000000233e+05
1.120000000000000000e+02 1.000000000000000000e+01 1.678674000000000000e+08
1.120000000000000000e+02 1.800000000000000000e+01 1.449297000000000000e+07
1.130000000000000000e+02 1.200000000000000000e+01 1.907281000000000000e+08
1.130000000000000000e+02 1.900000000000000000e+01 2.771055000000000000e+05
1.130000000000000000e+02 1.700000000000000000e+01 2.075575000000000000e+05
1.130000000000000000e+02 2.000000000000000000e+01 1.585560000000000000e+07
1.180000000000000000e+02 9.000000000000000000e+00 1.349325000000000000e+05
1.180000000000000000e+02 1.800000000000000000e+01 4.571570999999999913e+04
1.180000000000000000e+02 1.200000000000000000e+01 4.417931000000000000e+07
1.180000000000000000e+02 1.100000000000000000e+01 1.440125000000000000e+07
1.180000000000000000e+02 1.000000000000000000e+01 3.809867000000000116e+05
1.200000000000000000e+02 1.000000000000000000e+01 5.745525000000000000e+07
1.210000000000000000e+02 0.000000000000000000e+00 8.603242000000000189e+03
1.210000000000000000e+02 9.000000000000000000e+00 2.610325999999999840e+04
1.210000000000000000e+02 1.000000000000000000e+01 1.368070000000000000e+07
1.210000000000000000e+02 1.100000000000000000e+01 4.460348000000000000e+07
1.220000000000000000e+02 1.800000000000000000e+01 8.162267000000000000e+07
1.220000000000000000e+02 9.000000000000000000e+00 3.606598000000000000e+07
1.220000000000000000e+02 1.900000000000000000e+01 7.003009000000000000e+07
1.220000000000000000e+02 1.200000000000000000e+01 3.072444000000000233e+05
1.220000000000000000e+02 1.100000000000000000e+01 1.800227999999999884e+05
1.230000000000000000e+02 2.000000000000000000e+01 3.375144000000000000e+07
1.230000000000000000e+02 1.800000000000000000e+01 8.212224000000000000e+06
1.230000000000000000e+02 1.700000000000000000e+01 8.747464000000000000e+07
1.230000000000000000e+02 1.200000000000000000e+01 1.049286000000000000e+06
1.230000000000000000e+02 1.900000000000000000e+01 1.829377000000000000e+07
1.240000000000000000e+02 2.000000000000000000e+01 1.376969000000000000e+08
1.240000000000000000e+02 1.700000000000000000e+01 2.648506000000000000e+06
1.240000000000000000e+02 1.900000000000000000e+01 5.471398000000000000e+06
1.250000000000000000e+02 1.700000000000000000e+01 4.910462000000000000e+07
1.250000000000000000e+02 1.200000000000000000e+01 9.401575999999999476e+04
1.250000000000000000e+02 1.100000000000000000e+01 3.252860999999999767e+05
1.250000000000000000e+02 1.800000000000000000e+01 4.871460000000000000e+07
1.250000000000000000e+02 1.900000000000000000e+01 3.424542000000000000e+07
1.250000000000000000e+02 9.000000000000000000e+00 7.939396000000000000e+07
1.260000000000000000e+02 1.200000000000000000e+01 1.948062000000000000e+07
1.260000000000000000e+02 1.800000000000000000e+01 1.132467000000000000e+06
1.260000000000000000e+02 2.000000000000000000e+01 4.770188000000000000e+07
1.260000000000000000e+02 1.700000000000000000e+01 5.783405000000000000e+05
1.260000000000000000e+02 1.900000000000000000e+01 7.300664000000000000e+07
1.270000000000000000e+02 9.000000000000000000e+00 3.308587999999999738e+04
1.270000000000000000e+02 1.800000000000000000e+01 2.287125000000000000e+07
1.270000000000000000e+02 1.100000000000000000e+01 3.986711000000000000e+07
1.270000000000000000e+02 1.700000000000000000e+01 5.211012000000000000e+07
1.270000000000000000e+02 1.900000000000000000e+01 2.553550000000000000e+07
1.270000000000000000e+02 1.200000000000000000e+01 3.928823000000000000e+06
1.280000000000000000e+02 1.900000000000000000e+01 4.861532000000000000e+07
1.280000000000000000e+02 2.000000000000000000e+01 3.191156000000000000e+07
1.280000000000000000e+02 1.700000000000000000e+01 5.335486000000000000e+07
1.280000000000000000e+02 1.200000000000000000e+01 1.881313000000000000e+07
1.280000000000000000e+02 1.800000000000000000e+01 5.148383000000000175e+04
1.290000000000000000e+02 1.800000000000000000e+01 1.021437000000000000e+08
1.290000000000000000e+02 9.000000000000000000e+00 5.876381999999999971e+04
1.290000000000000000e+02 1.200000000000000000e+01 2.206992999999999884e+05
1.290000000000000000e+02 1.000000000000000000e+01 3.907558000000000000e+07
1.290000000000000000e+02 1.100000000000000000e+01 5.928671000000000000e+06
1.300000000000000000e+02 2.000000000000000000e+01 7.076738000000000000e+06
1.300000000000000000e+02 1.900000000000000000e+01 1.837001000000000000e+07
1.300000000000000000e+02 1.700000000000000000e+01 1.717182000000000000e+07
1.310000000000000000e+02 1.200000000000000000e+01 2.055070999999999913e+04
1.310000000000000000e+02 1.700000000000000000e+01 1.429788000000000000e+06
1.310000000000000000e+02 1.800000000000000000e+01 2.719204000000000000e+07
1.310000000000000000e+02 1.900000000000000000e+01 9.550289000000000233e+05
1.310000000000000000e+02 2.000000000000000000e+01 5.310362000000000262e+04
1.320000000000000000e+02 1.900000000000000000e+01 1.566076000000000000e+07
1.320000000000000000e+02 2.000000000000000000e+01 5.038614000000000233e+05
1.320000000000000000e+02 1.700000000000000000e+01 1.546622000000000000e+07
1.330000000000000000e+02 2.900000000000000000e+01 2.167384000000000015e+03
1.340000000000000000e+02 2.000000000000000000e+01 3.458271000000000000e+07
1.360000000000000000e+02 1.800000000000000000e+01 5.142227000000000000e+06
1.360000000000000000e+02 9.000000000000000000e+00 2.795723000000000000e+07
1.360000000000000000e+02 1.900000000000000000e+01 4.253733000000000000e+07
1.360000000000000000e+02 1.700000000000000000e+01 1.341119000000000000e+07
1.360000000000000000e+02 1.200000000000000000e+01 4.066589000000000233e+05
1.360000000000000000e+02 1.100000000000000000e+01 6.127683000000000466e+05
1.390000000000000000e+02 1.100000000000000000e+01 7.626364999999999418e+04
1.390000000000000000e+02 9.000000000000000000e+00 8.458578000000000000e+07
1.390000000000000000e+02 0.000000000000000000e+00 1.397166000000000000e+08
1.400000000000000000e+02 1.200000000000000000e+01 6.305903000000000000e+07
1.400000000000000000e+02 1.800000000000000000e+01 2.914547999999999884e+05
1.400000000000000000e+02 1.700000000000000000e+01 1.267601000000000000e+07
1.400000000000000000e+02 2.000000000000000000e+01 1.159589000000000000e+08
1.400000000000000000e+02 1.900000000000000000e+01 1.583620000000000000e+06
1.410000000000000000e+02 9.000000000000000000e+00 2.639107000000000116e+05
1.410000000000000000e+02 1.200000000000000000e+01 5.835152000000000000e+06
1.410000000000000000e+02 1.900000000000000000e+01 2.932515000000000000e+07
1.410000000000000000e+02 1.100000000000000000e+01 4.720431000000000000e+07
1.410000000000000000e+02 1.800000000000000000e+01 1.487818000000000000e+07
1.410000000000000000e+02 1.700000000000000000e+01 1.046007000000000000e+08
1.420000000000000000e+02 1.000000000000000000e+01 4.748678000000000000e+07
1.420000000000000000e+02 1.200000000000000000e+01 1.990038999999999942e+05
1.420000000000000000e+02 1.100000000000000000e+01 6.893883000000000000e+06
1.420000000000000000e+02 1.800000000000000000e+01 1.482314000000000000e+08
1.420000000000000000e+02 9.000000000000000000e+00 3.569961000000000058e+04
1.430000000000000000e+02 1.400000000000000000e+01 9.912105000000000000e+05
1.430000000000000000e+02 2.500000000000000000e+01 9.652714999999999418e+04
1.430000000000000000e+02 3.000000000000000000e+00 9.582058999999999651e+04
1.430000000000000000e+02 1.600000000000000000e+01 2.280342000000000000e+08
1.430000000000000000e+02 3.200000000000000000e+01 4.753440999999999767e+05
1.430000000000000000e+02 8.000000000000000000e+00 7.105033000000000000e+06
1.430000000000000000e+02 7.000000000000000000e+00 4.911110000000000000e+05
1.430000000000000000e+02 2.100000000000000000e+01 1.852717000000000000e+08
1.430000000000000000e+02 1.300000000000000000e+01 5.498105999999999767e+05
1.430000000000000000e+02 2.200000000000000000e+01 3.410649000000000233e+05
1.430000000000000000e+02 2.400000000000000000e+01 2.826849000000000000e+06
1.440000000000000000e+02 3.000000000000000000e+01 1.051565000000000000e+06
1.440000000000000000e+02 2.900000000000000000e+01 3.810656000000000000e+06
1.450000000000000000e+02 3.000000000000000000e+01 5.048959000000000000e+06
1.460000000000000000e+02 2.800000000000000000e+01 2.504410000000000000e+06
1.460000000000000000e+02 3.000000000000000000e+01 2.948079000000000233e+05
1.460000000000000000e+02 2.900000000000000000e+01 2.475057000000000000e+06
1.470000000000000000e+02 3.200000000000000000e+01 3.192308000000000000e+07
1.470000000000000000e+02 1.500000000000000000e+01 3.870032000000000116e+05
1.470000000000000000e+02 7.000000000000000000e+00 2.838940999999999767e+05
1.470000000000000000e+02 3.100000000000000000e+01 1.036599000000000000e+08
1.470000000000000000e+02 2.100000000000000000e+01 6.349675000000000000e+05
1.470000000000000000e+02 5.000000000000000000e+00 1.607339000000000000e+07
1.470000000000000000e+02 8.000000000000000000e+00 7.335775000000000000e+04
1.470000000000000000e+02 2.400000000000000000e+01 1.684970000000000000e+07
1.470000000000000000e+02 1.300000000000000000e+01 1.490298000000000000e+08
1.480000000000000000e+02 2.200000000000000000e+01 9.017700000000000000e+06
1.480000000000000000e+02 6.000000000000000000e+00 1.306529000000000000e+07
1.480000000000000000e+02 1.600000000000000000e+01 1.140595000000000000e+06
1.480000000000000000e+02 2.400000000000000000e+01 9.818920999999999767e+05
1.480000000000000000e+02 1.400000000000000000e+01 1.520912000000000000e+08
1.480000000000000000e+02 3.200000000000000000e+01 2.062178000000000000e+06
1.480000000000000000e+02 1.300000000000000000e+01 3.964968000000000000e+06
1.480000000000000000e+02 7.000000000000000000e+00 3.065620000000000000e+05
1.480000000000000000e+02 2.100000000000000000e+01 7.283113000000000466e+05
1.480000000000000000e+02 3.100000000000000000e+01 2.576250000000000000e+07
1.490000000000000000e+02 1.500000000000000000e+01 1.592523000000000000e+08
1.490000000000000000e+02 7.000000000000000000e+00 1.128394000000000000e+07
1.490000000000000000e+02 3.200000000000000000e+01 1.492464000000000000e+08
1.500000000000000000e+02 7.000000000000000000e+00 5.550333000000000000e+06
1.500000000000000000e+02 8.000000000000000000e+00 8.515808000000000175e+04
1.500000000000000000e+02 2.100000000000000000e+01 2.484971000000000000e+06
1.500000000000000000e+02 2.500000000000000000e+01 2.756722999999999884e+05
1.500000000000000000e+02 2.200000000000000000e+01 2.024393000000000000e+08
1.500000000000000000e+02 5.000000000000000000e+00 2.030209000000000000e+07
1.500000000000000000e+02 3.200000000000000000e+01 1.518788000000000000e+07
1.500000000000000000e+02 1.600000000000000000e+01 6.689639000000000233e+05
1.500000000000000000e+02 2.400000000000000000e+01 1.947066000000000000e+07
1.500000000000000000e+02 1.300000000000000000e+01 6.633371000000000000e+07
1.500000000000000000e+02 1.500000000000000000e+01 6.610499000000000000e+06
1.500000000000000000e+02 3.000000000000000000e+00 2.033466000000000058e+05
1.500000000000000000e+02 3.100000000000000000e+01 6.856706000000000000e+07
1.500000000000000000e+02 6.000000000000000000e+00 3.503715999999999767e+05
1.510000000000000000e+02 6.000000000000000000e+00 2.250677000000000000e+07
1.510000000000000000e+02 8.000000000000000000e+00 1.397987999999999884e+05
1.510000000000000000e+02 2.400000000000000000e+01 9.085759000000000233e+05
1.510000000000000000e+02 2.700000000000000000e+01 2.234770000000000000e+06
1.510000000000000000e+02 3.100000000000000000e+01 1.456792000000000000e+07
1.510000000000000000e+02 2.300000000000000000e+01 1.978637000000000000e+08
1.510000000000000000e+02 1.300000000000000000e+01 7.479587000000000000e+06
1.510000000000000000e+02 2.500000000000000000e+01 1.658153999999999942e+05
1.510000000000000000e+02 5.000000000000000000e+00 4.471278000000000000e+06
1.510000000000000000e+02 1.400000000000000000e+01 6.394246000000000000e+07
1.510000000000000000e+02 2.200000000000000000e+01 3.499815000000000000e+07
1.520000000000000000e+02 3.100000000000000000e+01 3.680912000000000000e+07
1.520000000000000000e+02 2.400000000000000000e+01 2.116433000000000000e+08
1.520000000000000000e+02 7.000000000000000000e+00 2.353727000000000000e+07
1.520000000000000000e+02 1.500000000000000000e+01 7.974045000000000000e+07
1.520000000000000000e+02 2.100000000000000000e+01 4.618679000000000000e+06
1.520000000000000000e+02 1.300000000000000000e+01 1.607444000000000000e+06
1.520000000000000000e+02 3.200000000000000000e+01 7.850354000000000000e+07
1.520000000000000000e+02 5.000000000000000000e+00 5.776898000000000320e+04
1.530000000000000000e+02 3.000000000000000000e+01 1.317155000000000000e+07
1.530000000000000000e+02 2.900000000000000000e+01 3.161976000000000000e+06
1.540000000000000000e+02 2.900000000000000000e+01 1.669399000000000000e+07
1.550000000000000000e+02 3.000000000000000000e+01 6.927319000000000000e+06
1.550000000000000000e+02 2.800000000000000000e+01 5.984445000000000000e+06
1.550000000000000000e+02 2.900000000000000000e+01 4.039849000000000000e+06
1.580000000000000000e+02 5.000000000000000000e+00 1.408998000000000000e+07
1.580000000000000000e+02 3.200000000000000000e+01 1.821454000000000000e+08
1.580000000000000000e+02 6.000000000000000000e+00 4.744002000000000116e+05
1.580000000000000000e+02 1.300000000000000000e+01 1.115556000000000000e+06
1.580000000000000000e+02 2.200000000000000000e+01 4.795598000000000000e+06
1.580000000000000000e+02 3.000000000000000000e+00 2.254933000000000000e+07
1.580000000000000000e+02 2.500000000000000000e+01 1.930957000000000000e+08
1.580000000000000000e+02 1.600000000000000000e+01 3.230495999999999767e+05
1.580000000000000000e+02 1.400000000000000000e+01 1.589408999999999942e+05
1.580000000000000000e+02 7.000000000000000000e+00 1.148552000000000000e+08
1.580000000000000000e+02 1.500000000000000000e+01 2.148431000000000000e+06
1.580000000000000000e+02 3.100000000000000000e+01 2.727002000000000000e+07
1.580000000000000000e+02 2.400000000000000000e+01 3.942774000000000000e+07
1.590000000000000000e+02 1.400000000000000000e+01 7.070228000000000466e+05
1.590000000000000000e+02 3.000000000000000000e+00 5.462309000000000000e+06
1.590000000000000000e+02 2.000000000000000000e+00 1.740487000000000000e+07
1.590000000000000000e+02 3.100000000000000000e+01 1.901874000000000000e+08
1.590000000000000000e+02 5.000000000000000000e+00 1.175880000000000000e+08
1.590000000000000000e+02 8.000000000000000000e+00 5.674310000000000000e+05
1.590000000000000000e+02 2.700000000000000000e+01 1.544200000000000000e+08
1.590000000000000000e+02 1.300000000000000000e+01 1.537535000000000000e+06
1.590000000000000000e+02 6.000000000000000000e+00 1.543856000000000000e+07
1.590000000000000000e+02 2.200000000000000000e+01 1.827468000000000000e+07
1.590000000000000000e+02 2.400000000000000000e+01 5.209959000000000000e+06
1.590000000000000000e+02 2.300000000000000000e+01 9.078329000000000233e+05
1.590000000000000000e+02 2.500000000000000000e+01 5.845205000000000000e+07
1.600000000000000000e+02 2.000000000000000000e+00 9.221734000000000000e+06
1.600000000000000000e+02 1.000000000000000000e+00 1.271553000000000000e+07
1.600000000000000000e+02 2.700000000000000000e+01 7.522586000000000000e+07
1.600000000000000000e+02 2.500000000000000000e+01 7.961053000000000000e+06
1.600000000000000000e+02 2.300000000000000000e+01 3.581278000000000000e+07
1.600000000000000000e+02 3.000000000000000000e+00 5.706639000000000233e+05
1.600000000000000000e+02 6.000000000000000000e+00 1.315000000000000000e+08
1.600000000000000000e+02 2.600000000000000000e+01 1.117830000000000000e+08
1.600000000000000000e+02 2.200000000000000000e+01 7.422685000000000000e+06
1.600000000000000000e+02 1.400000000000000000e+01 2.536739000000000000e+06
1.620000000000000000e+02 3.100000000000000000e+01 1.373380000000000000e+05
1.620000000000000000e+02 1.300000000000000000e+01 1.209863999999999942e+05
1.620000000000000000e+02 2.100000000000000000e+01 5.026580000000000000e+07
1.620000000000000000e+02 7.000000000000000000e+00 7.157650000000000000e+04
1.620000000000000000e+02 2.400000000000000000e+01 2.161782000000000000e+06
1.620000000000000000e+02 1.500000000000000000e+01 4.729636000000000058e+04
1.620000000000000000e+02 8.000000000000000000e+00 2.052501000000000000e+07
1.620000000000000000e+02 3.200000000000000000e+01 3.329187000000000116e+05
1.620000000000000000e+02 5.000000000000000000e+00 8.495508999999999651e+04
1.630000000000000000e+02 3.000000000000000000e+01 6.484395000000000437e+03
1.640000000000000000e+02 2.700000000000000000e+01 1.235783999999999942e+05
1.640000000000000000e+02 4.000000000000000000e+00 4.648448000000000000e+07
1.640000000000000000e+02 3.100000000000000000e+01 1.622187000000000116e+05
1.640000000000000000e+02 8.000000000000000000e+00 2.941067000000000000e+08
1.640000000000000000e+02 5.000000000000000000e+00 8.846944000000000233e+05
1.640000000000000000e+02 2.100000000000000000e+01 9.852879000000000000e+07
1.640000000000000000e+02 1.600000000000000000e+01 2.065817000000000000e+06
1.640000000000000000e+02 2.400000000000000000e+01 1.901197000000000000e+06
